m=0.1;
M=2;
l=0.25;
g=9.81;
J=8.3e-3;
b=0.5;
