A = [2 -3; 4 -5];
B = [2 3; 4 -3];
C = [1 5];
D = [0 0];