g=10;
l=1;
k=10;
m=10;